20
20
#Row 1
1
1
1
1
1
1
1
1
1
1
1
1
1
1
1
1
1
1
1
1
#Row 2
1
2
2
2
2
2
2
2
2
2
2
2
2
2
2
2
2
2
2
1
#Row 3
1
2
2
2
2
2
2
2
2
2
2
2
2
2
2
2
2
2
2
1
#Row 4
1
2
2
2
2
2
2
2
2
2
2
2
2
2
2
2
2
2
2
1
#Row 5
1
2
2
2
2
2
2
2
2
2
2
2
2
2
2
2
2
2
2
1
#Row 6
1
2
2
2
2
2
2
2
2
2
2
2
2
2
2
2
2
2
2
1
#Row 7
1
2
2
2
2
2
2
2
2
2
2
2
2
2
2
2
2
2
2
1
#Row 8
1
2
2
2
2
2
2
2
2
2
2
2
2
2
2
2
2
2
2
1
#Row 9
1
2
2
2
2
2
2
2
2
2
2
2
2
2
2
2
2
2
2
1
#Row 10
1
2
2
2
2
2
2
2
2
2
2
2
2
2
2
2
2
2
2
1
#Row 11
1
2
2
2
2
2
2
2
2
2
2
2
2
2
2
2
2
2
2
1
#Row 12
1
2
2
2
2
2
2
2
2
2
2
2
2
2
2
2
2
2
2
1
#Row 13
1
2
2
2
2
2
2
2
2
2
2
2
2
2
2
2
2
2
2
1
#Row 14
1
2
2
2
2
2
2
2
2
2
2
2
2
2
2
2
2
2
2
1
#Row 15
1
2
2
2
2
2
2
2
2
2
2
2
2
2
2
2
2
2
2
1
#Row 16
1
2
2
2
2
2
2
2
2
2
2
2
2
2
2
2
2
2
2
1
#Row 17
1
2
2
2
2
2
2
2
2
2
2
2
2
2
2
2
2
2
2
1
#Row 18
1
2
2
2
2
2
2
2
2
2
2
2
2
2
2
2
2
2
2
1
#Row 19
1
2
2
2
2
2
2
2
2
2
2
2
2
2
2
2
2
2
2
1
#Row 20
1
1
1
1
1
1
1
1
1
1
1
1
1
1
1
1
1
1
1
1
#end of file